8 0.37993421052631576 0.3302266081871345 0.3678728070175439 0.09466374269005848
6 0.40117872807017546 0.4285453216374269 0.2590460526315789 0.1875
3 0.39555921052631576 0.5343567251461988 0.26644736842105265 0.06432748538011696
14 0.3619791666666667 0.5879020467836257 0.27713815789473684 0.05299707602339181
2 0.3828125 0.6460160818713451 0.3111293859649123 0.06542397660818713
14 0.3723958333333333 0.7072368421052632 0.32593201754385964 0.03654970760233918
2 0.37856359649122806 0.7574926900584795 0.3157894736842105 0.0668859649122807
12 0.6714638157894737 0.31377923976608185 0.20038377192982457 0.10197368421052631
14 0.7088815789473685 0.4095394736842105 0.23135964912280702 0.061769005847953216
14 0.7073739035087719 0.48464912280701755 0.2382127192982456 0.06798245614035088
4 0.6969572368421053 0.569078947368421 0.2760416666666667 0.038011695906432746
4 0.6942160087719298 0.6187865497076024 0.26452850877192985 0.031432748538011694
1 0.7013432017543859 0.6578947368421053 0.2902960526315789 0.029239766081871343
5 0.6842105263157895 0.6900584795321637 0.3053728070175439 0.03289473684210526
5 0.6663925438596491 0.7706505847953217 0.36403508771929827 0.03764619883040936
11 0.6735197368421053 0.7260599415204678 0.33278508771929827 0.021564327485380116
