6 0.5849780701754386 0.34210526315789475 0.1162280701754386 0.28728070175438597
3 0.5150767543859649 0.34100877192982454 0.03125 0.27997076023391815
14 0.4824561403508772 0.298062865497076 0.03399122807017544 0.28252923976608185
2 0.4451754385964912 0.32894736842105265 0.0537280701754386 0.3216374269005848
14 0.40734649122807015 0.31451023391812866 0.03289473684210526 0.3300438596491228
8 0.6407620614035088 0.3258406432748538 0.07483552631578948 0.3929093567251462
14 0.3813048245614035 0.3170687134502924 0.02631578947368421 0.3300438596491228
5 0.36896929824561403 0.6359649122807017 0.030153508771929825 0.3983918128654971
11 0.3983004385964912 0.6558845029239766 0.020833333333333332 0.3402777777777778
5 0.42009320175438597 0.6573464912280702 0.02275219298245614 0.33516081871345027
1 0.44051535087719296 0.6805555555555556 0.027412280701754384 0.32894736842105265
4 0.4683388157894737 0.6679459064327485 0.03042763157894737 0.30372807017543857
4 0.49328399122807015 0.6754385964912281 0.02549342105263158 0.30116959064327486
14 0.5509868421052632 0.6869517543859649 0.05975877192982456 0.26571637426900585
14 0.5973135964912281 0.6957236842105263 0.0537280701754386 0.24817251461988304
12 0.6474780701754386 0.6553362573099415 0.06524122807017543 0.24049707602339182
