6 0.37856359649122806 0.3294956140350877 0.13432017543859648 0.33516081871345027
4 0.6650219298245614 0.7101608187134503 0.03399122807017544 0.3428362573099415
4 0.6384320175438597 0.7315423976608187 0.03234649122807018 0.3402777777777778
5 0.532483552631579 0.6854897660818714 0.02275219298245614 0.44992690058479534
14 0.3567708333333333 0.7278874269005848 0.05290570175438596 0.3051900584795322
14 0.3945997807017544 0.7328216374269005 0.07922149122807018 0.27997076023391815
12 0.4635416666666667 0.7070540935672515 0.07730263157894737 0.26864035087719296
8 0.4527138157894737 0.31140350877192985 0.10115131578947369 0.4473684210526316
2 0.4942434210526316 0.3163377192982456 0.0537280701754386 0.3717105263157895
14 0.5581140350877193 0.3044590643274854 0.03782894736842105 0.33771929824561403
3 0.5930646929824561 0.33771929824561403 0.04358552631578947 0.31871345029239767
14 0.6210252192982456 0.2993421052631579 0.029331140350877194 0.3676900584795322
2 0.6681743421052632 0.2911184210526316 0.05016447368421053 0.3717105263157895
11 0.5590734649122807 0.6964546783625731 0.02275219298245614 0.40826023391812866
5 0.5864857456140351 0.7183845029239766 0.02275219298245614 0.3614766081871345
1 0.6082785087719298 0.7191154970760234 0.020833333333333332 0.37317251461988304
