2 0.6355537280701754 0.7479897660818714 0.28152412280701755 0.07054093567251463
14 0.6256853070175439 0.6913377192982456 0.2749451754385965 0.03252923976608187
3 0.5982730263157895 0.6485745614035088 0.2393092105263158 0.05299707602339181
14 0.6247258771929824 0.596125730994152 0.2598684210526316 0.07456140350877193
2 0.6115679824561403 0.5155336257309941 0.2883771929824561 0.09685672514619884
8 0.6138980263157895 0.4605263157894737 0.3347039473684211 0.12353801169590643
6 0.6029331140350878 0.360562865497076 0.24479166666666666 0.1699561403508772
4 0.30235745614035087 0.7077850877192983 0.2598684210526316 0.04276315789473684
4 0.3137335526315789 0.7498172514619883 0.2617872807017544 0.03399122807017544
1 0.3060581140350877 0.6756213450292398 0.2826206140350877 0.0266812865497076
5 0.33223684210526316 0.5659722222222222 0.3366228070175439 0.02887426900584795
11 0.3071546052631579 0.6043494152046783 0.29194078947368424 0.03545321637426901
5 0.31661184210526316 0.6390716374269005 0.2807017543859649 0.0266812865497076
14 0.3085252192982456 0.3346125730994152 0.2305372807017544 0.07054093567251463
14 0.3104440789473684 0.38633040935672514 0.2080592105263158 0.10087719298245613
12 0.3241502192982456 0.4720394736842105 0.1992872807017544 0.0983187134502924
