2 0.6355537280701754 0.31067251461988304 0.04742324561403509 0.33771929824561403
14 0.5940241228070176 0.32127192982456143 0.030153508771929825 0.3340643274853801
3 0.5679824561403509 0.3510599415204678 0.03289473684210526 0.28764619883040937
8 0.5131578947368421 0.31761695906432746 0.06524122807017543 0.41228070175438597
5 0.5089089912280702 0.6779970760233918 0.018914473684210526 0.4195906432748538
14 0.6370614035087719 0.7039473684210527 0.03125 0.2595029239766082
4 0.6054002192982456 0.7152777777777778 0.024396929824561403 0.31505847953216376
5 0.559484649122807 0.6995614035087719 0.021929824561403508 0.3391812865497076
11 0.5345394736842105 0.6938961988304093 0.020833333333333332 0.3753654970760234
1 0.5808662280701754 0.7096125730994152 0.020833333333333332 0.3366228070175439
