5 0.5963541666666666 0.3541666666666667 0.03700657894736842 0.4071637426900585
11 0.5671600877192983 0.3541666666666667 0.023574561403508772 0.3845029239766082
5 0.542077850877193 0.3258406432748538 0.015076754385964912 0.33808479532163743
1 0.5235745614035088 0.30756578947368424 0.023574561403508772 0.3336988304093567
4 0.4980811403508772 0.31505847953216376 0.023574561403508772 0.30116959064327486
4 0.4692982456140351 0.3024488304093567 0.020833333333333332 0.31396198830409355
14 0.40926535087719296 0.29239766081871343 0.0537280701754386 0.28362573099415206
14 0.35855263157894735 0.27850877192982454 0.041666666666666664 0.2631578947368421
12 0.30235745614035087 0.31432748538011696 0.07291666666666667 0.24707602339181287
8 0.30290570175438597 0.6730628654970761 0.08333333333333333 0.4448099415204678
6 0.36170504385964913 0.6569809941520468 0.12472587719298246 0.3190789473684211
3 0.44229714912280704 0.6547880116959064 0.038651315789473686 0.30738304093567254
14 0.4691611842105263 0.7002923976608187 0.032072368421052634 0.31505847953216376
2 0.5141173245614035 0.6697733918128655 0.0556469298245614 0.3578216374269006
14 0.5490679824561403 0.6926169590643275 0.03508771929824561 0.3603801169590643
2 0.5855263157894737 0.6862207602339181 0.03782894736842105 0.37317251461988304
