2 0.6536458333333334 0.6743421052631579 0.03974780701754386 0.36915204678362573
14 0.6195175438596491 0.6895102339181286 0.03782894736842105 0.34904970760233917
2 0.5797697368421053 0.6699561403508771 0.0625 0.3530701754385965
14 0.543859649122807 0.7052266081871345 0.047149122807017545 0.302266081871345
3 0.5089089912280702 0.6553362573099415 0.03042763157894737 0.30628654970760233
6 0.4276315789473684 0.6553362573099415 0.12116228070175439 0.31871345029239767
8 0.36896929824561403 0.6723318713450293 0.07949561403508772 0.4309210526315789
12 0.36239035087719296 0.3050073099415205 0.06633771929824561 0.2152777777777778
14 0.4233826754385965 0.27028508771929827 0.05016447368421053 0.2496345029239766
14 0.4706688596491228 0.29312865497076024 0.0537280701754386 0.27485380116959063
4 0.5287828947368421 0.2993421052631579 0.022478070175438597 0.3201754385964912
4 0.5609923245614035 0.3125 0.026589912280701754 0.30116959064327486
1 0.5879934210526315 0.3044590643274854 0.027412280701754384 0.3304093567251462
5 0.6606359649122807 0.35233918128654973 0.03289473684210526 0.4057017543859649
11 0.6289747807017544 0.31761695906432746 0.018914473684210526 0.3362573099415205
5 0.6077302631578947 0.3157894736842105 0.019736842105263157 0.3304093567251462
