13 0.652405753968254 0.7247023809523809 0.4600694444444444 0.05125661375661376
5 0.6003224206349206 0.1865079365079365 0.41294642857142855 0.0496031746031746
0 0.302703373015873 0.6469907407407407 0.2864583333333333 0.13392857142857142
6 0.27914186507936506 0.47007275132275134 0.36086309523809523 0.18353174603174602
12 0.6455853174603174 0.4039351851851852 0.24305555555555555 0.14384920634920634
10 0.640625 0.515542328042328 0.37202380952380953 0.036375661375661374
8 0.33990575396825395 0.3419312169312169 0.41790674603174605 0.12566137566137567
14 0.6747271825396826 0.5858134920634921 0.2839781746031746 0.06448412698412699
2 0.31262400793650796 0.24603174603174602 0.29637896825396826 0.09259259259259259
7 0.6381448412698413 0.2700066137566138 0.34226190476190477 0.11408730158730158
