8 0.5861855158730159 0.7835648148148148 0.42931547619047616 0.12400793650793651
5 0.6016865079365079 0.6807208994708994 0.40476190476190477 0.02943121693121693
9 0.5784970238095238 0.5866402116402116 0.3583829365079365 0.032407407407407406
7 0.5943700396825397 0.4603174603174603 0.30927579365079366 0.12037037037037036
12 0.5931299603174603 0.35978835978835977 0.20808531746031747 0.11772486772486772
10 0.599578373015873 0.259755291005291 0.3767361111111111 0.04728835978835979
5 0.26277281746031744 0.3816137566137566 0.33606150793650796 0.037698412698412696
11 0.26574900793650796 0.42592592592592593 0.37723214285714285 0.04298941798941799
0 0.28596230158730157 0.5345568783068783 0.2013888888888889 0.19675925925925927
7 0.2496279761904762 0.6726190476190477 0.2244543650793651 0.07341269841269842
14 0.2465277777777778 0.7638888888888888 0.21577380952380953 0.08928571428571429
