2 0.6536458333333334 0.6743421052631579 0.03974780701754386 0.36915204678362573
14 0.6195175438596491 0.6895102339181286 0.03782894736842105 0.34904970760233917
2 0.5820997807017544 0.6635599415204678 0.04851973684210526 0.3505116959064328
14 0.5457785087719298 0.6964546783625731 0.03399122807017544 0.3125
3 0.512609649122807 0.6522295321637427 0.03782894736842105 0.3125
6 0.43530701754385964 0.6571637426900585 0.12664473684210525 0.3201754385964912
8 0.37225877192982454 0.6692251461988304 0.08607456140350878 0.4371345029239766
12 0.3675986842105263 0.32090643274853803 0.07675438596491228 0.24707602339181287
14 0.4233826754385965 0.27028508771929827 0.05016447368421053 0.2496345029239766
14 0.4706688596491228 0.29312865497076024 0.0537280701754386 0.27485380116959063
4 0.5287828947368421 0.2993421052631579 0.022478070175438597 0.3201754385964912
4 0.5609923245614035 0.3125 0.026589912280701754 0.30116959064327486
1 0.5879934210526315 0.3044590643274854 0.027412280701754384 0.3304093567251462
5 0.6606359649122807 0.35233918128654973 0.03289473684210526 0.4057017543859649
11 0.6289747807017544 0.31761695906432746 0.018914473684210526 0.3362573099415205
5 0.6077302631578947 0.3157894736842105 0.019736842105263157 0.3304093567251462
