8 0.6555059523809523 0.78505291005291 0.4836309523809524 0.1455026455026455
9 0.6158234126984127 0.6040013227513228 0.42162698412698413 0.04794973544973545
13 0.6517857142857143 0.4990079365079365 0.4439484126984127 0.03968253968253968
5 0.6201636904761905 0.4031084656084656 0.36334325396825395 0.046296296296296294
12 0.6734871031746031 0.24851190476190477 0.2269345238095238 0.15046296296296297
14 0.25496031746031744 0.7470238095238095 0.26537698412698413 0.07605820105820106
10 0.29650297619047616 0.4642857142857143 0.40054563492063494 0.05291005291005291
14 0.29030257936507936 0.3584656084656085 0.3087797619047619 0.09259259259259259
5 0.3101438492063492 0.28406084656084657 0.4154265873015873 0.036375661375661374
11 0.33556547619047616 0.24107142857142858 0.36706349206349204 0.05952380952380952
