8 0.6666666666666666 0.7552910052910053 0.4836309523809524 0.1455026455026455
9 0.6393849206349206 0.5767195767195767 0.37450396825396826 0.046296296296296294
13 0.6629464285714286 0.48578042328042326 0.4290674603174603 0.056216931216931214
5 0.6418650793650794 0.38244047619047616 0.33482142857142855 0.03802910052910053
12 0.6821676587301587 0.24189814814814814 0.21205357142857142 0.12731481481481483
14 0.27728174603174605 0.7263558201058201 0.29017857142857145 0.08432539682539683
10 0.3039434523809524 0.439484126984127 0.40054563492063494 0.05291005291005291
14 0.30766369047619047 0.3353174603174603 0.3162202380952381 0.10251322751322751
5 0.32254464285714285 0.2650462962962963 0.4253472222222222 0.04794973544973545
11 0.341765873015873 0.22123015873015872 0.36706349206349204 0.05952380952380952
