12 0.302703373015873 0.29480820105820105 0.09796626984126984 0.2662037037037037
11 0.28410218253968256 0.7073412698412699 0.05828373015873016 0.419973544973545
5 0.3194444444444444 0.7131283068783069 0.0248015873015873 0.5042989417989417
14 0.3647073412698413 0.720568783068783 0.06324404761904762 0.3637566137566138
5 0.40314980158730157 0.35185185185185186 0.031001984126984128 0.40674603174603174
13 0.46763392857142855 0.3179563492063492 0.033482142857142856 0.4712301587301587
9 0.5283978174603174 0.3374669312169312 0.028521825396825396 0.4050925925925926
8 0.6253720238095238 0.3253968253968254 0.0835813492063492 0.5059523809523809
10 0.4391121031746032 0.7263558201058201 0.033482142857142856 0.4646164021164021
14 0.6164434523809523 0.7652116402116402 0.05084325396825397 0.30092592592592593
