12 0.3318452380952381 0.31382275132275134 0.08432539682539683 0.25132275132275134
11 0.3089037698412698 0.6908068783068783 0.05828373015873016 0.419973544973545
5 0.34858630952380953 0.7073412698412699 0.026041666666666668 0.4794973544973545
14 0.3950892857142857 0.7172619047619048 0.054563492063492064 0.3505291005291005
5 0.4242311507936508 0.36259920634920634 0.031001984126984128 0.38525132275132273
13 0.4806547619047619 0.33118386243386244 0.032242063492063495 0.4580026455026455
9 0.537078373015873 0.3576388888888889 0.028521825396825396 0.4050925925925926
8 0.6437251984126984 0.3369708994708995 0.08308531746031746 0.49933862433862436
10 0.46081349206349204 0.7164351851851852 0.02976190476190476 0.44146825396825395
14 0.6313244047619048 0.7536375661375662 0.05084325396825397 0.30092592592592593
