12 0.37028769841269843 0.7453703703703703 0.2628968253968254 0.16203703703703703
5 0.42237103174603174 0.5982142857142857 0.3521825396825397 0.05952380952380952
13 0.38268849206349204 0.509755291005291 0.4017857142857143 0.05125661375661376
9 0.4211309523809524 0.4146825396825397 0.3645833333333333 0.03968253968253968
8 0.3820684523809524 0.26421957671957674 0.43526785714285715 0.1421957671957672
14 0.7311507936507936 0.2873677248677249 0.24057539682539683 0.08267195767195767
14 0.7181299603174603 0.6469907407407407 0.28893849206349204 0.09093915343915344
10 0.7125496031746031 0.5419973544973545 0.37202380952380953 0.0496031746031746
5 0.7075892857142857 0.7065145502645502 0.3993055555555556 0.034722222222222224
11 0.691468253968254 0.7569444444444444 0.3621031746031746 0.07936507936507936
