12 0.37524801587301587 0.7123015873015873 0.22321428571428573 0.1421957671957672
5 0.40811011904761907 0.5692791005291006 0.32862103174603174 0.03141534391534392
13 0.3888888888888889 0.4799933862433862 0.4017857142857143 0.044642857142857144
9 0.4185267857142857 0.3923611111111111 0.36235119047619047 0.03141534391534392
8 0.390625 0.24024470899470898 0.4255952380952381 0.1306216931216931
14 0.7150297619047619 0.2683531746031746 0.21825396825396826 0.06779100529100529
14 0.7119295634920635 0.6172288359788359 0.28893849206349204 0.09093915343915344
10 0.7013888888888888 0.5130621693121693 0.35714285714285715 0.044642857142857144
5 0.6964285714285714 0.6866732804232805 0.3993055555555556 0.034722222222222224
11 0.6889880952380952 0.7371031746031746 0.3621031746031746 0.07936507936507936
