12 0.6827876984126984 0.656084656084656 0.08928571428571429 0.2810846560846561
5 0.5904017857142857 0.611441798941799 0.035962301587301584 0.4166666666666667
13 0.5271577380952381 0.6403769841269841 0.031001984126984128 0.49107142857142855
9 0.46205357142857145 0.6139219576719577 0.02976190476190476 0.44146825396825395
8 0.35478670634920634 0.656084656084656 0.0954861111111111 0.5224867724867724
14 0.3802083333333333 0.2435515873015873 0.044642857142857144 0.2562830687830688
10 0.5482390873015873 0.2576058201058201 0.033482142857142856 0.4001322751322751
14 0.615203373015873 0.26008597883597884 0.05580357142857143 0.32572751322751325
5 0.6573660714285714 0.27414021164021163 0.035962301587301584 0.4298941798941799
11 0.6920882936507936 0.28158068783068785 0.05084325396825397 0.4017857142857143
