12 0.6883680555555556 0.656084656084656 0.08804563492063493 0.2810846560846561
5 0.5978422619047619 0.6147486772486772 0.035962301587301584 0.4166666666666667
13 0.5333581349206349 0.6519510582010583 0.031001984126984128 0.49107142857142855
9 0.47197420634920634 0.6097883597883598 0.0248015873015873 0.4365079365079365
8 0.3627232142857143 0.6747685185185185 0.08655753968253968 0.566468253968254
14 0.39012896825396826 0.2534722222222222 0.044642857142857144 0.2562830687830688
10 0.5531994047619048 0.2683531746031746 0.033482142857142856 0.39186507936507936
14 0.6189236111111112 0.2691798941798942 0.045882936507936505 0.3273809523809524
5 0.6598462301587301 0.28406084656084657 0.035962301587301584 0.4298941798941799
11 0.6920882936507936 0.29480820105820105 0.05084325396825397 0.4017857142857143
