5 0.3411458333333333 0.2774122807017544 0.36211622807017546 0.051900584795321635
11 0.3294956140350877 0.32419590643274854 0.33168859649122806 0.03289473684210526
5 0.3164747807017544 0.35964912280701755 0.30180921052631576 0.03289473684210526
1 0.29961622807017546 0.39400584795321636 0.2955043859649123 0.04824561403508772
4 0.3081140350877193 0.4327485380116959 0.2730263157894737 0.038011695906432746
4 0.2961896929824561 0.4782529239766082 0.2760416666666667 0.04276315789473684
14 0.28796600877192985 0.5683479532163743 0.2393092105263158 0.08187134502923976
14 0.26973684210526316 0.6467470760233918 0.22313596491228072 0.0720029239766082
12 0.3126370614035088 0.7341008771929824 0.21902412280701755 0.10562865497076024
8 0.6208881578947368 0.7298976608187134 0.37335526315789475 0.11988304093567251
6 0.6007401315789473 0.6421783625730995 0.2590460526315789 0.18932748538011696
3 0.6069078947368421 0.5102339181286549 0.2637061403508772 0.05482456140350877
14 0.6389802631578947 0.47076023391812866 0.2807017543859649 0.04312865497076023
2 0.6206140350877193 0.4064327485380117 0.31359649122807015 0.08552631578947369
2 0.6188322368421053 0.29331140350877194 0.3188048245614035 0.06323099415204679
14 0.6345942982456141 0.3474049707602339 0.3026315789473684 0.04788011695906433
