5 0.3340186403508772 0.2671783625730994 0.36485745614035087 0.054093567251461985
11 0.32648026315789475 0.31542397660818716 0.33168859649122806 0.03289473684210526
5 0.31222587719298245 0.3534356725146199 0.31030701754385964 0.038011695906432746
1 0.29577850877192985 0.3877923976608187 0.2955043859649123 0.04824561403508772
4 0.3048245614035088 0.42580409356725146 0.27960526315789475 0.039473684210526314
4 0.29276315789473684 0.47386695906432746 0.27905701754385964 0.04641812865497076
14 0.2833059210526316 0.5614035087719298 0.2393092105263158 0.07309941520467836
14 0.26836622807017546 0.6421783625730995 0.22423245614035087 0.06578947368421052
12 0.3120888157894737 0.7330043859649122 0.21244517543859648 0.10343567251461988
8 0.6208881578947368 0.7298976608187134 0.37335526315789475 0.11988304093567251
6 0.5988212719298246 0.6427266081871345 0.26288377192982454 0.19042397660818713
3 0.6069078947368421 0.5102339181286549 0.2637061403508772 0.05482456140350877
14 0.6389802631578947 0.47076023391812866 0.2807017543859649 0.04312865497076023
2 0.6206140350877193 0.4064327485380117 0.31359649122807015 0.08552631578947369
2 0.6188322368421053 0.29331140350877194 0.3188048245614035 0.06323099415204679
14 0.6345942982456141 0.3474049707602339 0.3026315789473684 0.04788011695906433
